[[226.7046983240567,124.24501197678572],[363.6230664505979,172.04468128759714],[194.98571489178448,23.80663224814903],[297.3193911156537,334.40998667222055]]
[[292.8600904905288,165.92557379085218],[186.28777160169756,251.48577341788956],[78.34623465515209,117.36566805248776],[141.83714947048438,212.94837326112437]]
[[316.83127153900415,214.4226551945635],[164.30940976086447,194.54343869210692],[234.41860545946534,378.58099958601167],[283.87173756857476,260.9130974345995]]
[[191.48673286638447,200.29997921110117],[152.82878079968262,69.47061585876054],[257.6730817502791,177.8386039405811],[124.1348912506206,142.6988187575925]]
[[122.39386247715646,350.63146517376646],[289.9829999559289,230.17410394850197],[136.00942724487805,182.32851281998043],[99.18176691576957,250.23464090411855]]
[[265.4855876138258,121.73533892369947],[269.3579938028728,152.3271225777259],[252.74537284165262,145.63251887627854],[132.36597925989133,103.24445026005304]]
[[253.89656124244505,162.54714643632843],[55.352786680592914,80.13254062699974],[147.13669025995037,242.64479144267014],[309.2314437397589,219.9378027055584]]

post new trim method
[[233.53894914381513,211.15487089508682],[266.3691672811452,117.69861601343248],[106.69503374082932,119.74735502190188],[73.48745093355218,244.49713297223394]]
[[396.31349720286704,219.79427327089707],[141.05606937450824,222.15431076906506],[143.03268036761162,125.11394107061582],[183.6740447277745,236.73878476238767]]
[[135.8661301024697,216.44731745961096],[36.884372173518585,322.3832704067134],[168.73830702966723,87.41815785600866],[197.4156833910681,158.28852811842515]]
[[229.16332247586308,94.15505211368801],[191.2654646412618,282.3822647350093],[35.809699073542724,187.8165094250445],[164.67322138423395,201.3824049662023]]
[[38.03348541293921,329.1561431953108],[112.69386475567234,144.55089472515516],[198.50846959061604,63.57476164109643],[110.73139734847972,27.321549115054687]]
[[368.035847069003,212.04635153480024],[255.17516025861804,297.80945538996167],[314.0452596750542,136.10417717563473],[249.47041232484207,122.05213618843712]]
[[201.20323147706108,75.46767257692353],[95.65821963772656,238.5068261067545],[349.4477464563264,129.53962287413222],[142.26573788491345,343.84794713353534]]
[[174.8472097466905,45.24794616911492],[257.3854264277585,105.32036897424643],[316.07547292103783,186.70444461996615],[217.72435400910877,67.26110120034585]]
[[178.48318150927292,106.77343148940959],[228.77641165886723,214.52176649699646],[264.94334397114676,186.30529367346682],[43.54468613134661,273.8495902534703]]
[[183.19691610520178,84.01916128603273],[229.96730982498823,172.0804114104571],[199.5685120826284,178.45548639727548],[89.18844534092254,326.32351411742684]]
[[240.45375546670394,200.07670970835233],[337.92694782712096,327.8710475068941],[168.14092131285955,190.4265988756073],[247.4855435304244,260.6414449737513]]
[[204.2215380863368,267.51672775120096],[135.8164404945228,122.54566395800732],[320.41402350866684,264.44743583631845],[306.4549513934713,206.6087484815301]]
[[142.29241389790866,274.16973022886066],[134.2689286281925,143.76625874855935],[194.06126764145037,99.31767519263927],[85.90500588517749,197.3394193260508]]
[[223.96648246316312,95.80220468908634],[84.24842361762326,242.4538269794597],[225.4893937183425,319.0681162823249],[166.70076511312084,237.03051882474034]]
[[338.92375327184135,104.60823335450793],[174.6559406144486,266.8968935374153],[320.7261553119175,319.80472771889947],[89.97838575572428,68.7629774543892]]


dont seem to work with algorithm...
[[174.52946827584174,163.79031088319226],[33.260813912233104,378.66999819705086],[191.8935123798614,187.75367755487449],[151.97161416193376,45.82559669717972]]
[[188.6766051657285,90.77046196390373],[287.64381488263496,94.18232763730603],[242.01202254194715,252.6754691169414],[250.6085707215476,288.4453669603245]]
[[269.80747847728725,71.36063929098229],[255.07554201118364,234.20355316207502],[281.4825842424683,313.44507912936734],[98.37322920140919,176.62613207395447]]
[[229.06427961410532,28.026537590669776],[95.22505624574973,275.0942347671929],[155.14875654536056,143.38719953138357],[242.27830564918108,329.6560933511911]]
[[121.38423331450139,310.43780906187914],[210.74502626333924,257.84983263923175],[213.6613007646343,88.03479386819251],[207.2526973848885,167.76287074183287]]
[[317.80086339592617,238.5033301683808],[279.448611466238,89.86811484208994],[254.22313498564642,97.59940606054882],[274.2251556615721,176.09612843396994]]

after split bisector fix
[[173.3231006992403,222.2186625708201],[157.32310413067992,149.90783196843816],[147.9275230222496,192.85828537316897],[177.30963709112464,233.10395245375105]]


weird ones
[[288.07480157421935,269.7940871167712],[199.13835784264595,77.00509802357635],[347.8417626743177,108.6664352133147],[163.19855125573025,205.3674284173272]]
[[196.60359447555004,353.7551534470828],[141.2531215972004,185.07860787263758],[195.25998636195138,265.031395215377],[200.76493781784825,86.90573841109197]]


larger graphs
[[89.81411833000097,63.32270305257693],[114.05790039192092,170.4143568645038],[139.16940170864632,330.08234028643363],[272.28949640891653,148.4028511711859],[169.60050299322518,78.97030667650506],[366.5711409568626,356.19947659776756],[209.90682198382578,169.6863101180961],[291.75731298131785,302.1654006685535]]
